# This file may be used to create an environment using:
# $ conda create --name <env> --file <this file>
# platform: win-64
# created-by: conda 25.1.1
asttokens=3.0.0=pyhd8ed1ab_1
bzip2=1.0.8=h2466b09_7
ca-certificates=2025.1.31=h56e8100_0
colorama=0.4.6=pyhd8ed1ab_1
comm=0.2.2=pyhd8ed1ab_1
cpython=3.13.2=py313hd8ed1ab_101
debugpy=1.8.13=py313h5813708_0
decorator=5.2.1=pyhd8ed1ab_0
exceptiongroup=1.2.2=pyhd8ed1ab_1
executing=2.1.0=pyhd8ed1ab_1
importlib-metadata=8.6.1=pyha770c72_0
intel-openmp=2024.2.1=h57928b3_1083
ipykernel=6.29.5=pyh4bbf305_0
ipython=9.0.0=pyhca29cf9_1
ipython_pygments_lexers=1.1.1=pyhd8ed1ab_0
jedi=0.19.2=pyhd8ed1ab_1
jupyter_client=8.6.3=pyhd8ed1ab_1
jupyter_core=5.7.2=pyh5737063_1
krb5=1.21.3=hdf4eb48_0
libblas=3.9.0=31_h641d27c_mkl
libcblas=3.9.0=31_h5e41251_mkl
libexpat=2.6.4=he0c23c2_0
libffi=3.4.6=h537db12_0
libhwloc=2.11.2=default_ha69328c_1001
libiconv=1.18=h135ad9c_1
liblapack=3.9.0=31_h1aa476e_mkl
liblzma=5.6.4=h2466b09_0
libmpdec=4.0.0=h2466b09_0
libsodium=1.0.20=hc70643c_0
libsqlite=3.49.1=h67fdade_1
libwinpthread=12.0.0.r4.gg4f2fc60ca=h57928b3_9
libxml2=2.13.6=he286e8c_0
libzlib=1.3.1=h2466b09_2
llvmlite=0.44.0=py313hb80970b_0
matplotlib-inline=0.1.7=pyhd8ed1ab_1
mkl=2024.2.2=h66d3029_15
nest-asyncio=1.6.0=pyhd8ed1ab_1
numba=0.61.0=py313h4ca4f0f_1
numpy=2.1.3=py313hee8cc43_0
openssl=3.4.1=ha4e3fda_0
packaging=24.2=pyhd8ed1ab_2
parso=0.8.4=pyhd8ed1ab_1
pickleshare=0.7.5=pyhd8ed1ab_1004
pip=25.0.1=pyh145f28c_0
platformdirs=4.3.6=pyhd8ed1ab_1
prompt-toolkit=3.0.50=pyha770c72_0
psutil=7.0.0=py313ha7868ed_0
pure_eval=0.2.3=pyhd8ed1ab_1
pygments=2.19.1=pyhd8ed1ab_0
python=3.13.2=h261c0b1_101_cp313
python-dateutil=2.9.0.post0=pyhff2d567_1
python_abi=3.13=5_cp313
pywin32=307=py313h5813708_3
pyzmq=26.2.1=py313h2100fd5_0
six=1.17.0=pyhd8ed1ab_0
stack_data=0.6.3=pyhd8ed1ab_1
tbb=2021.13.0=h62715c5_1
tk=8.6.13=h5226925_1
tornado=6.4.2=py313ha7868ed_0
tqdm=4.67.1=pyhd8ed1ab_1
traitlets=5.14.3=pyhd8ed1ab_1
typing_extensions=4.12.2=pyha770c72_1
tzdata=2025a=h78e105d_0
ucrt=10.0.22621.0=h57928b3_1
vc=14.3=hbf610ac_24
vc14_runtime=14.42.34438=hfd919c2_24
vs2015_runtime=14.42.34438=h7142326_24
wcwidth=0.2.13=pyhd8ed1ab_1
zeromq=4.3.5=ha9f60a1_7
zipp=3.21.0=pyhd8ed1ab_1
